Id,SalePrice
1461,111009.97198181463
1462,142874.44963440078
1463,199778.90405903355
1464,207662.29598856624
1465,182396.95702343684
1466,192812.92952802236
1467,191906.44571756313
1468,181929.49224755948
1469,190834.10425977255
1470,128470.39078612157
1471,210785.42522230322
1472,120163.35405570321
1473,117793.32695156382
1474,162353.1977292417
1475,93183.33343086854
1476,307688.3693379835
1477,236464.55138945798
1478,270746.80891018757
1479,269765.3657662849
1480,415615.81566193094
1481,294207.2339337041
1482,214534.57856202996
1483,185180.2710225617
1484,181785.77895528986
1485,185614.72876083292
1486,206831.66561649964
1487,288046.4493787974
1488,250262.61277439416
1489,176058.1162324528
1490,245241.4116723354
1491,208041.14021253912
1492,84726.73146702019
1493,222904.63926968147
1494,280157.7022267858
1495,265634.16393013636
1496,233383.89204128855
1497,175600.40621141833
1498,156896.86945110335
1499,160399.54590077707
1500,171101.94105853012
1501,227739.26469268446
1502,141743.80117694213
1503,265204.5711498518
1504,228573.9272904675
1505,221102.7198365689
1506,208667.752450635
1507,271727.5246008105
1508,216923.17968151305
1509,143817.2358300451
1510,154565.63787202322
1511,153272.31380829753
1512,202930.38595009397
1513,169256.67380993016
1514,150495.6674421273
1515,257727.30397426174
1516,163314.31622910046
1517,172322.35062631036
1518,127303.49221194134
1519,243916.6494583741
1520,126377.09572720352
1521,124490.79548926989
1522,201713.65224977996
1523,101763.09525840153
1524,93427.41813353817
1525,95016.62990993923
1526,112596.34323004409
1527,105553.02665012251
1528,134123.77861781136
1529,125706.80682682614
1530,237191.81007243015
1531,184993.48582385617
1532,88035.43249322458
1533,141023.77359234096
1534,116371.98411900419
1535,176176.33100990043
1536,109509.24495732164
1537,99782.95238500112
1538,147297.55088319987
1539,185104.2336571528
1540,124708.08203660432
1541,148572.83448667324
1542,153599.09373190443
1543,189099.86822151078
1544,70423.0925672692
1545,100592.05696464072
1546,117692.15609783326
1547,148838.72936572408
1548,111666.81345536416
1549,121343.88497378593
1550,134654.52438363282
1551,114590.01646482317
1552,168984.2997357144
1553,141152.92065260527
1554,108842.74894399618
1555,190625.74764237637
1556,85227.65600048157
1557,110894.81677298162
1558,67090.46263832078
1559,102247.02817858699
1560,128515.8367360938
1561,145572.2263753769
1562,113479.78848553913
1563,109829.89701499268
1564,181034.77975286852
1565,149433.05889180317
1566,228432.31047686798
1567,74824.18666751607
1568,240406.5963167752
1569,154643.95127694993
1570,120984.06408406116
1571,135666.2225119791
1572,140191.81009957648
1573,250087.64365290222
1574,138488.75448193145
1575,236701.10933558462
1576,262246.5707222183
1577,192558.2872790199
1578,132245.56416633795
1579,152533.24540033756
1580,206362.85887575665
1581,131648.38463748115
1582,116859.63309196576
1583,302959.3766879623
1584,233722.06750040263
1585,167001.66064541633
1586,74125.46265622931
1587,80797.01283254453
1588,146693.28883128008
1589,120980.55192671104
1590,126828.59805624261
1591,70876.85237974326
1592,149004.766076632
1593,113238.15779519865
1594,118375.50795371378
1595,127436.70876448322
1596,216785.0382131295
1597,183504.68929810927
1598,186592.37874882977
1599,171108.98817898933
1600,171872.71390834957
1601,61056.284446655176
1602,110184.81440261296
1603,59866.97483884836
1604,255093.08079719634
1605,249105.5751205447
1606,176917.90926893085
1607,176550.9254826563
1608,221722.0739540607
1609,188741.6043710278
1610,173483.3888177346
1611,175093.2667422505
1612,197152.12026514555
1613,202196.02462563623
1614,142306.61497806574
1615,79600.99372584293
1616,73152.34152571595
1617,93581.95076456842
1618,107669.27824854887
1619,141985.9244627898
1620,208608.38538778902
1621,147080.99119080242
1622,142307.26086191987
1623,245673.18092947337
1624,227929.76796860684
1625,96498.23283681365
1626,199804.4029843759
1627,206399.6329615617
1628,272176.96517853346
1629,185364.24063423893
1630,341121.3358506521
1631,205461.7399481576
1632,229190.44282398577
1633,175754.31699281547
1634,207146.99069043502
1635,192148.7237270415
1636,169284.28536915564
1637,223481.28582487837
1638,211999.78226554624
1639,212924.26992359612
1640,267112.34593676217
1641,211881.5626554844
1642,225030.3986656366
1643,214607.70900710585
1644,215419.56587586203
1645,256334.69252570346
1646,168251.0354735521
1647,152444.69289462443
1648,145131.413272948
1649,126152.97735523645
1650,123752.03843506749
1651,128831.78329692065
1652,123504.90749319788
1653,116896.4370808135
1654,171542.18319846227
1655,138544.41726897185
1656,159540.6308619583
1657,174407.0659954008
1658,163057.6063275042
1659,110466.66816661411
1660,154065.89617798416
1661,380438.2014237986
1662,313614.6205120441
1663,309914.5322980429
1664,403185.12348204973
1665,268071.5440892275
1666,288798.59538036
1667,307322.7067614499
1668,285505.4146464645
1669,258087.05826704664
1670,285261.9506265591
1671,276323.0161893603
1672,380581.885097674
1673,286886.7641467834
1674,248781.58857780028
1675,223244.83506974613
1676,227151.7891231501
1677,231515.0965076795
1678,380677.8123769789
1679,328074.5149572297
1680,279789.67705344514
1681,237035.73133369762
1682,283120.2979074918
1683,214026.19969893462
1684,196180.58615262422
1685,189748.12169539297
1686,187259.7596868027
1687,168534.78971424708
1688,209292.10062064746
1689,204096.50616567425
1690,207316.0631522326
1691,190960.6137102462
1692,245499.35545461596
1693,166477.69082051457
1694,199395.18586701358
1695,171482.84781637887
1696,281569.3668571166
1697,171094.66341942066
1698,329651.94698198297
1699,297050.21737169306
1700,258398.7252885357
1701,270387.27582159534
1702,250232.04969337763
1703,251985.79030167527
1704,271179.5988232851
1705,223876.4699145226
1706,372557.3785513106
1707,198295.69295526925
1708,204169.52502332808
1709,243065.46589620414
1710,220700.972516201
1711,254667.73734154343
1712,259086.66579940618
1713,270214.0151762224
1714,215408.88081249216
1715,194020.07806091028
1716,169402.07750592852
1717,172321.86786260214
1718,120640.22381615764
1719,212468.04854883743
1720,226386.82545417198
1721,165872.08748516042
1722,125920.90132880968
1723,179177.82362455878
1724,227568.64496442064
1725,234512.4571625716
1726,187842.99449785575
1727,175100.31657122698
1728,175641.88532456203
1729,159962.4523345504
1730,138249.10927876708
1731,109558.01096749645
1732,113339.49188402886
1733,104025.70270271423
1734,110279.88970140163
1735,120000.485872778
1736,93009.49374638824
1737,302524.19711591664
1738,230456.67515096988
1739,316367.428261415
1740,243648.11349962786
1741,216791.93935470068
1742,197446.00209577233
1743,183881.9703266209
1744,268419.27407648496
1745,220680.09546657518
1746,194595.10105721603
1747,216202.9380220425
1748,244267.5218258801
1749,175984.44938115875
1750,138035.95494630648
1751,249577.45692766277
1752,103501.71668684793
1753,173204.16444938278
1754,228908.78534858918
1755,180815.9962694035
1756,140762.95547946467
1757,82459.97961937402
1758,178018.0364979496
1759,187096.458460766
1760,186642.34838660984
1761,178856.02363342803
1762,189392.17445395706
1763,171648.2131449482
1764,103249.07602109395
1765,202621.66207603988
1766,199518.50967828248
1767,257420.60936551006
1768,133275.16327597332
1769,159271.28272710397
1770,135536.69438454206
1771,117455.06998984715
1772,131101.0625770531
1773,135078.6763102209
1774,172235.8427812761
1775,111978.33619084295
1776,128610.27078964651
1777,81428.05557020864
1778,136460.06583139344
1779,110987.97230179992
1780,169512.430543229
1781,112026.75051920142
1782,77673.61186215264
1783,148336.6809916765
1784,108368.75121725726
1785,97635.97573056332
1786,179604.0504233449
1787,138696.32971397007
1788,41433.76584621667
1789,80745.83010092504
1790,76314.58888958518
1791,212386.96495891854
1792,156769.06813173852
1793,148162.46069887234
1794,157365.90412714457
1795,107015.45453338348
1796,102222.05787557243
1797,123784.86870137753
1798,99457.73994764464
1799,79200.68805086738
1800,106335.99400584114
1801,127405.33460481674
1802,142623.06144620164
1803,171535.36403467602
1804,141005.70590251722
1805,124854.50883950485
1806,123938.35173040215
1807,153729.38436141025
1808,115018.3541661857
1809,117506.4073275034
1810,150242.50906666816
1811,66385.17290572265
1812,92117.95533866786
1813,110758.9454058893
1814,89383.0927997087
1815,51667.368442643216
1816,68291.98909764053
1817,131253.7544283287
1818,147422.01376549242
1819,116702.44221504239
1820,54830.21709596364
1821,92602.03013428592
1822,162277.82414428706
1823,38680.363913079054
1824,117864.71252735615
1825,142756.8520289379
1826,95030.22265177092
1827,106511.34429365404
1828,139201.71384623286
1829,166452.21108322963
1830,159062.87584369065
1831,160962.7852889358
1832,117537.21867219551
1833,149292.26130292768
1834,120818.0353010404
1835,130888.11936782073
1836,111644.0221493195
1837,99244.08914997947
1838,118139.2868162444
1839,82193.36720781817
1840,158105.56963757644
1841,124269.79418475294
1842,80324.29589035595
1843,128052.97078209725
1844,123073.53486893213
1845,147131.92606799785
1846,150477.22208478447
1847,185279.36109169852
1848,40099.19746038361
1849,131661.7093876995
1850,115156.89864419469
1851,125192.4455313212
1852,116990.86079532656
1853,145635.29534358377
1854,163048.36261255812
1855,154679.87713742635
1856,241602.289328578
1857,146681.9935402894
1858,119334.28628406193
1859,101884.85229277398
1860,154118.83625758378
1861,100648.27763820188
1862,272197.00364845165
1863,270945.00364845165
1864,270957.00364845165
1865,294113.58580443135
1866,288805.2765936544
1867,225087.00157909963
1868,283727.96134302067
1869,217829.3162310832
1870,223498.2902611632
1871,234517.41551654917
1872,186084.22151145752
1873,230939.8785926174
1874,140456.40418025013
1875,196921.73036839615
1876,223558.45617480768
1877,212057.3047630775
1878,219051.56393332029
1879,110775.71314366945
1880,140255.20463946465
1881,242760.72184635824
1882,243095.36367055512
1883,191253.98284910512
1884,204577.25157130754
1885,235303.37336397244
1886,265047.7314079632
1887,229864.73356263048
1888,273556.05649572425
1889,177969.27133081382
1890,133327.35292325864
1891,162940.60379174448
1892,80799.01705945548
1893,134147.2532787808
1894,97962.31293928633
1895,170828.51542961854
1896,117392.84318793526
1897,124851.05756326893
1898,99170.73249720082
1899,135003.5336075729
1900,119013.21816273264
1901,171929.551342484
1902,152326.09883514623
1903,186585.3578538813
1904,125925.83967415798
1905,187898.95615061815
1906,174876.59881196116
1907,209086.62644574762
1908,137195.53389875812
1909,159867.53519472815
1910,143087.90500000765
1911,221356.14710974324
1912,281694.26785283344
1913,191958.36580028513
1914,46831.72353162442
1915,253356.71216395107
1916,61302.99598767469
1917,247874.1034816542
1918,139804.31775528466
1919,188333.99285130022
1920,205007.85468586275
1921,323143.86456628656
1922,265681.58739682054
1923,231927.75210496772
1924,234013.44413941595
1925,231042.4839413537
1926,317328.93255945266
1927,121522.50126652501
1928,193839.73723593893
1929,100689.86482187352
1930,130176.26211857644
1931,157759.24392550762
1932,151497.70302732202
1933,171829.82822745683
1934,198884.46573664347
1935,191217.37115362333
1936,196197.10152647097
1937,201347.34867231472
1938,198626.27986530174
1939,238491.13481029854
1940,181581.24318650982
1941,196596.41738525327
1942,204385.1520789339
1943,195213.9848273502
1944,277238.8832505562
1945,303780.6010656859
1946,181460.93585148387
1947,259784.4781275325
1948,172875.86148058943
1949,245229.01200169005
1950,182904.57669711194
1951,277602.64658657956
1952,229917.95924838074
1953,199026.5613905324
1954,214806.70154178893
1955,138477.20022198753
1956,321430.30427508504
1957,184670.791296706
1958,301937.5357049635
1959,129109.66514105798
1960,104400.9954586506
1961,110062.9362269071
1962,115194.03732728593
1963,125451.9157518445
1964,132009.2496691694
1965,143566.9536833879
1966,135958.93080203197
1967,260859.0231045341
1968,351411.54549101926
1969,318119.6560094516
1970,340610.65895279555
1971,372349.3855287839
1972,318922.4163769319
1973,260413.27889868157
1974,288198.6111465035
1975,396842.54049785633
1976,284219.6070646336
1977,352683.2520551899
1978,314347.5781181655
1979,298978.73767231597
1980,211748.7362766321
1981,305471.28462289495
1982,224046.8146419193
1983,211370.13819224562
1984,195306.3316745111
1985,256885.8325421029
1986,257059.5982300174
1987,189575.56558152233
1988,198152.2569170338
1989,205384.72816836915
1990,230143.09895273542
1991,231106.239589216
1992,250894.3014755569
1993,180321.26490934085
1994,244250.60981530132
1995,195642.47800872778
1996,295671.0225595176
1997,268852.7391137331
1998,301018.58712843386
1999,274692.2633425514
2000,290409.8149585016
2001,271181.5558133937
2002,254644.63319836208
2003,259233.75545658148
2004,270069.8151332878
2005,210984.55417025206
2006,194328.26601252696
2007,256049.8299812283
2008,214863.3852536718
2009,202861.9187464713
2010,208934.1866894787
2011,148565.22999150073
2012,171464.88316505373
2013,177718.12202450377
2014,200303.6666396851
2015,192753.62874573644
2016,202428.85281437938
2017,196152.55170903244
2018,107682.91477376308
2019,126559.4087344525
2020,103755.43759917976
2021,86309.38067570198
2022,203205.6957573741
2023,152145.48176078126
2024,302405.24926838424
2025,328693.1536488481
2026,191240.16664184091
2027,169562.4264475068
2028,176413.63551395698
2029,190319.305935954
2030,244302.8682007321
2031,221727.1053918382
2032,208723.00206869858
2033,236330.11043167085
2034,174539.08950510705
2035,237260.52027971527
2036,218676.90196110265
2037,221471.29885056423
2038,260776.33152776805
2039,188643.04152996535
2040,331247.25012772286
2041,228906.91972753033
2042,217286.49771199608
2043,177674.00882899272
2044,202630.95515860012
2045,194094.4386244471
2046,135078.8693836712
2047,138098.35309478623
2048,136238.4835227591
2049,135954.78659443877
2050,154289.50873780315
2051,98349.95186884997
2052,135209.69222085603
2053,145692.5175974764
2054,68790.81689414126
2055,166215.41762526738
2056,146543.93321364318
2057,98897.41897372968
2058,233181.28472773448
2059,148968.4169180965
2060,206389.2080858172
2061,188908.16399951372
2062,111493.07480036661
2063,87706.76645114194
2064,124752.77008599494
2065,114809.9402092291
2066,190828.08960807303
2067,131949.84505006214
2068,140384.85590641695
2069,63655.09286365028
2070,81082.4054472127
2071,88866.08420781187
2072,170612.94636777995
2073,132027.56933017418
2074,177854.66844440304
2075,139226.89353765032
2076,113032.6924259717
2077,125112.9586822933
2078,105396.47943347556
2079,122751.60217561098
2080,95625.1372901569
2081,98237.64546449609
2082,106241.6019298937
2083,141735.35901584962
2084,78300.55142797057
2085,110235.66837420885
2086,144648.98143137863
2087,142363.0933707477
2088,127237.15385479588
2089,57424.41390604917
2090,118451.84999060055
2091,100710.35398264813
2092,185455.9459398167
2093,145602.27622363166
2094,104690.48328824865
2095,125816.11946873763
2096,64696.728782069215
2097,69319.69264682003
2098,149877.44748931366
2099,48874.989142915525
2100,97592.28373019546
2101,132131.71887546737
2102,111092.56313125939
2103,92963.12257988755
2104,162008.3063406276
2105,117050.59630202118
2106,101330.12061590684
2107,218441.86108894765
2108,116793.76595554588
2109,125821.73212697015
2110,128791.6343165921
2111,134005.3577115919
2112,140057.6390180198
2113,119264.87410818812
2114,98686.22911360575
2115,148401.34007811855
2116,127576.9875445324
2117,141050.6474037376
2118,90593.55504783701
2119,82702.90639933568
2120,120645.31340055016
2121,87195.86738282046
2122,104637.50430637586
2123,96146.09965006023
2124,164333.91584358097
2125,153584.72370018813
2126,164859.0934392786
2127,157718.64790719777
2128,110924.18509832419
2129,90135.12387871527
2130,115798.06114427731
2131,161999.84760262253
2132,140963.23818685685
2133,127398.458449489
2134,112194.04096140554
2135,106960.65157297303
2136,59035.92895230264
2137,116595.00757025942
2138,142059.6972171617
2139,160370.24606294546
2140,139947.9282968584
2141,138940.38429753325
2142,125935.76677599872
2143,153676.09455563335
2144,131817.28989257079
2145,132784.12330878733
2146,162233.2619344878
2147,208466.66875945713
2148,157620.1893271109
2149,132546.91080495913
2150,217073.28727318364
2151,97979.63104734992
2152,180238.85830478798
2153,199220.613791631
2154,96917.61198761461
2155,140747.55192920018
2156,297884.1051171664
2157,245643.50039282054
2158,232255.8634166693
2159,220830.59316008975
2160,176675.03251307167
2161,247771.87235771038
2162,362304.7033058088
2163,298856.06791046605
2164,238824.93799544952
2165,197281.99324147412
2166,152281.70571152234
2167,212714.17090347342
2168,206102.99570520557
2169,189447.7078138439
2170,212909.48706589767
2171,162208.88991291836
2172,139788.8646093016
2173,206325.016036833
2174,252276.01277163503
2175,268215.4022149689
2176,273869.4463575121
2177,246899.78879841376
2178,213789.5488846809
2179,163082.36898972534
2180,248533.2119627482
2181,193634.16127242555
2182,227864.98103039942
2183,187908.01753957456
2184,133087.60993789643
2185,136034.16304948681
2186,157562.94962983855
2187,160062.0057258736
2188,159151.8961578867
2189,316349.28460023116
2190,41074.9815285597
2191,43502.9815285597
2192,76534.2400651198
2193,95650.67533561251
2194,78555.73905892085
2195,105434.42755027364
2196,91258.86533793161
2197,123235.40815925272
2198,147670.24246822548
2199,159362.98191998136
2200,137246.58436436608
2201,136795.0385271
2202,157687.946720759
2203,132272.1532977174
2204,169507.1828016364
2205,111946.57143843126
2206,135558.47030522904
2207,169847.21772230617
2208,234896.44929315214
2209,225536.27546046244
2210,138857.63134819604
2211,112033.66014117323
2212,102104.15799840225
2213,73720.59822508988
2214,152922.43874591007
2215,92425.00856163168
2216,162500.49772348555
2217,68358.48831038286
2218,81105.16386742855
2219,88309.76097212637
2220,55576.74475880817
2221,254494.6623385672
2222,256356.55986718967
2223,301709.1833297919
2224,235943.65865890562
2225,113702.72673406004
2226,236296.91716220183
2227,225546.61045423732
2228,255533.35544846772
2229,220272.8410695653
2230,166612.26764598986
2231,204045.12783353444
2232,221181.25119204214
2233,193614.64794051019
2234,232869.2545782014
2235,225940.2988882645
2236,252279.51006624638
2237,308095.8317780431
2238,225303.16920952697
2239,134075.49245570914
2240,182875.0535607563
2241,178805.44941567935
2242,134937.39772662421
2243,131307.6459382527
2244,130176.39406388477
2245,125420.5480910049
2246,135273.3694499008
2247,109998.80360185285
2248,113351.15690752614
2249,119360.40606300719
2250,130713.12342748082
2251,125432.32317709799
2252,208157.5709620748
2253,168220.02128474883
2254,193204.7721861877
2255,222293.60562746148
2256,172717.1489841083
2257,221500.6327704648
2258,163157.69810427364
2259,199586.95834228257
2260,166323.8851238531
2261,179057.7024752317
2262,199051.86278070588
2263,311578.0710069834
2264,380869.0511512847
2265,206782.74400061142
2266,246471.03935463517
2267,353237.7580231874
2268,315776.04018179403
2269,169745.56740337124
2270,190861.34226954868
2271,222959.46263593688
2272,235209.4978606412
2273,169388.89427466993
2274,213401.80031968566
2275,194365.8219895123
2276,174189.5358186013
2277,202293.02686524647
2278,180609.20311192205
2279,109314.10051996226
2280,99552.76151184367
2281,195156.65642214767
2282,206847.03180886668
2283,125962.23560883172
2284,114748.1024102938
2285,127005.02505840053
2286,111280.45928791405
2287,288576.6017992325
2288,256862.46671558917
2289,311763.81109032215
2290,350770.0546620564
2291,302064.6849003728
2292,337635.9637088713
2293,369880.09202766896
2294,324189.3716041531
2295,373134.86743515637
2296,254963.9705884122
2297,282322.4082971161
2298,274277.26058232976
2299,339265.11001071276
2300,300126.14015285287
2301,264133.40395309497
2302,256317.33102432935
2303,242383.42529687108
2304,232347.6839111942
2305,220431.4932027512
2306,221645.4932027512
2307,232178.012994246
2308,228978.23649405365
2309,255800.47091064154
2310,209254.41976506324
2311,232177.3693598376
2312,201267.77683154255
2313,189086.52195506566
2314,180142.7323471087
2315,193189.06408044335
2316,218977.77980189395
2317,201222.88988940945
2318,181072.500742693
2319,184338.59793741576
2320,178533.92404698266
2321,259351.385325398
2322,200367.02625829726
2323,182231.81972679688
2324,192670.5636838911
2325,207198.56646974405
2326,181167.25857872565
2327,211583.8604095214
2328,224136.88209170348
2329,212277.73848255325
2330,210458.78266056
2331,324469.4787143512
2332,337916.2629162803
2333,301585.99040798715
2334,265540.8302698438
2335,262018.08167452796
2336,300350.2197702569
2337,183427.24052472188
2338,253517.97792173806
2339,229218.79074282278
2340,333550.0131688633
2341,212906.0785048333
2342,229516.51893561397
2343,235889.91311193892
2344,237423.78229062032
2345,231421.93736134304
2346,187282.23254701876
2347,187168.98529247456
2348,219741.6701530089
2349,204334.14870985402
2350,263935.1588253915
2351,227126.60726444406
2352,254979.77800625528
2353,288989.30866811133
2354,126952.00390905337
2355,122144.68937343353
2356,177586.27910298572
2357,209468.99549576783
2358,204015.09973354798
2359,146873.8504024016
2360,120424.38732891253
2361,134280.4427516021
2362,284016.06537631067
2363,153127.7906432846
2364,184094.69840813306
2365,222348.01304477325
2366,182566.43891509814
2367,215249.3853712058
2368,212983.93069093095
2369,207620.93426825333
2370,200078.49848811002
2371,170763.79808493465
2372,179289.60631194274
2373,267824.23999991774
2374,287883.35684752295
2375,222757.94746170726
2376,302900.64575229975
2377,313154.53041923966
2378,142552.26445247256
2379,248417.6431706021
2380,144671.9369778561
2381,179022.121822504
2382,220106.23545448232
2383,223231.97834542353
2384,256540.31697776812
2385,158546.15262405545
2386,125738.76959210492
2387,127984.00167956759
2388,112821.7241519952
2389,134554.50179161658
2390,155365.78519146566
2391,126722.53313627768
2392,84265.1711244756
2393,160213.8715614816
2394,131855.67253561062
2395,217979.91771789227
2396,150409.96913749067
2397,223220.10032432145
2398,134218.25779124728
2399,49654.93960437653
2400,46977.41640592032
2401,107654.53778106316
2402,145636.01905389107
2403,148164.09857110106
2404,155328.36071553655
2405,176156.79618854416
2406,128275.72756438497
2407,112733.83843529111
2408,146529.73726827628
2409,121037.8266981512
2410,205153.13710028745
2411,107225.14222211996
2412,161188.96766959026
2413,115345.65107379411
2414,126254.84201145152
2415,133729.49410040374
2416,112596.7688040738
2417,92206.76234189939
2418,111817.58042757041
2419,136132.35625579618
2420,112256.159538421
2421,138949.08565176942
2422,106049.63329210797
2423,131155.0301786462
2424,174369.64229574503
2425,295000.6925835145
2426,182131.02067015515
2427,103780.66435743253
2428,192051.97413402292
2429,89289.99449544578
2430,112655.71333536023
2431,109902.51948838317
2432,132855.90794998268
2433,138720.25138336298
2434,128364.87381487049
2435,158858.8760395976
2436,79107.52547113101
2437,93854.70098903109
2438,120003.102774712
2439,115718.61858469152
2440,119381.98603217344
2441,99883.92253428795
2442,105495.21161273784
2443,130815.37204730675
2444,145319.61282540445
2445,70757.85842769968
2446,136162.84869720836
2447,164909.3892588304
2448,126982.4213537471
2449,105656.85443710738
2450,158143.071192681
2451,130816.41498562816
2452,209763.71402334896
2453,75611.91164439809
2454,149836.08008941766
2455,150755.4259203209
2456,127379.61275002577
2457,127950.31160750653
2458,102677.83203877613
2459,84758.12700793563
2460,142159.8403764469
2461,99915.10490697487
2462,138358.97427345195
2463,127937.72819580746
2464,179046.5880434054
2465,125124.4462207742
2466,106574.75667124502
2467,145571.64539411542
2468,86065.52790346906
2469,97007.97338285521
2470,211767.69166988222
2471,204125.09896712075
2472,187217.49658924277
2473,133371.47876754752
2474,105773.24963076804
2475,228168.1130466332
2476,116660.49601506263
2477,117649.71569536126
2478,199476.3499744254
2479,123126.294054178
2480,141425.3690900112
2481,130155.29595823243
2482,149115.7069308459
2483,93002.27313400731
2484,141275.3624974037
2485,108742.45920081061
2486,157850.19331739921
2487,268110.185440063
2488,150940.53043671447
2489,166968.00610311498
2490,161715.95571837484
2491,77589.94449323803
2492,201875.04720533945
2493,155413.71411025673
2494,167580.54419687172
2495,91579.96679115387
2496,251416.50075384864
2497,139470.87947161708
2498,90606.7648067757
2499,82717.37908817816
2500,134149.02534791862
2501,125861.28665853222
2502,160201.61713922658
2503,97856.91060924386
2504,203250.23027649595
2505,227568.4588763243
2506,257749.73363679953
2507,280363.70363843965
2508,257785.94068495583
2509,236252.8914853464
2510,221500.68279915443
2511,191227.8385261585
2512,208393.53965640432
2513,237274.38779814722
2514,233773.82733476907
2515,152659.01290064357
2516,175577.45348536485
2517,137265.4580699112
2518,155902.836654849
2519,221322.6409384004
2520,226130.25585892994
2521,193597.92280643721
2522,235323.23799282068
2523,115845.26688073624
2524,152705.1272740699
2525,149324.54101482782
2526,126898.01009298404
2527,106130.73557502305
2528,110685.26356558129
2529,135780.07160309143
2530,123730.94417693876
2531,256020.68555752514
2532,231640.7311279436
2533,214004.91834371287
2534,232708.93684947112
2535,278877.7139667021
2536,253766.78284464768
2537,225329.73549518632
2538,183274.19966361066
2539,192141.14474905256
2540,191816.07180271158
2541,192939.07880148245
2542,178401.89710104337
2543,136396.69124230748
2544,120715.29028075025
2545,149301.09217979203
2546,141206.38112249132
2547,160174.19617476442
2548,149371.7743566084
2549,182814.12145897222
2550,701941.4200020714
2551,162989.9277000884
2552,118442.61662905075
2553,46676.124610096216
2554,61372.97559326222
2555,98148.27732111454
2556,91065.91818368933
2557,112443.04529463228
2558,166276.08672465492
2559,118956.87532542426
2560,165472.5780927733
2561,117316.41011988895
2562,117007.75297487297
2563,127923.58212286745
2564,181733.94493007293
2565,143238.20051079977
2566,156163.67795903631
2567,127777.3102545485
2568,212844.58355527685
2569,203469.67428651094
2570,139007.02373803678
2571,205730.8433054857
2572,162327.95274037623
2573,238598.7494014169
2574,241041.78063057002
2575,112872.28479087024
2576,134075.36400988066
2577,179313.97109368566
2578,70518.98682426296
2579,59475.94306446897
2580,116153.71222660478
2581,148398.30533269618
2582,121698.42995270345
2583,268678.68916908675
2584,187696.0565051143
2585,224827.36861299904
2586,226189.57782324532
2587,210541.23652052274
2588,137034.25158570454
2589,158252.3018269098
2590,233301.07235716016
2591,260970.17688460957
2592,222859.01754512658
2593,233344.12322028857
2594,168582.39836760392
2595,193231.05434205028
2596,318832.3361638439
2597,210776.62817835985
2598,276247.9458480888
2599,283052.62948314927
2600,208151.4851578631
2601,160154.91943528558
2602,93063.489485228
2603,106135.86312977658
2604,85099.9217514092
2605,101880.19809245321
2606,170208.8086115697
2607,228209.11712287576
2608,232378.62332040677
2609,178543.02437188104
2610,91695.3993775617
2611,167714.93889209657
2612,171703.2744405013
2613,122668.49055097178
2614,111900.00791787852
2615,156294.76145783247
2616,158691.15157703034
2617,219886.1633377539
2618,232978.99639618903
2619,234988.24748117363
2620,203691.57003514084
2621,194515.79816498165
2622,208676.94407735826
2623,228644.67125591973
2624,315811.5859972099
2625,280191.80065515975
2626,188149.2541738428
2627,165055.8947642466
2628,372977.66439718986
2629,366025.7737364224
2630,301662.47557230096
2631,368730.28225582367
2632,338249.482589043
2633,269658.8341638119
2634,330531.1795325751
2635,172494.23387448076
2636,202003.4128322689
2637,183557.91417588945
2638,264447.13775702484
2639,226168.5302249436
2640,160384.42028455084
2641,107315.93409017523
2642,207727.6681677081
2643,133884.22318194294
2644,160617.52206027182
2645,110617.62032604843
2646,114976.43937502276
2647,128944.29532930774
2648,161879.1428359946
2649,152826.53162059913
2650,123505.73272640975
2651,158011.86345296667
2652,335944.044671447
2653,251879.99334540166
2654,244140.10096686415
2655,330547.61702830496
2656,288986.3189470895
2657,289070.2835507823
2658,263920.943383092
2659,278490.296656298
2660,305838.1973580847
2661,295785.2875546286
2662,309933.95792531344
2663,284234.261402788
2664,247506.32830168755
2665,301291.8689690428
2666,268205.1987066801
2667,195742.96408310925
2668,191255.1509221149
2669,187626.4905015217
2670,276636.9884141901
2671,193414.75885414574
2672,215066.7020984186
2673,222326.92319984766
2674,239785.9423806881
2675,182089.37369326662
2676,201107.91629865603
2677,233168.52342540698
2678,263266.6178089831
2679,262323.0115720861
2680,276417.54713278706
2681,354243.1527798394
2682,314952.75005034194
2683,420702.8918132375
2684,302203.4250788609
2685,319834.93519875477
2686,247375.91925314793
2687,275807.1032060646
2688,212260.64122773198
2689,186221.9691057984
2690,358936.55168618285
2691,198700.12545324976
2692,122152.72748919419
2693,199483.14807745756
2694,130157.69044993326
2695,214789.42957965867
2696,195301.909311011
2697,206181.0851522326
2698,224282.49376461928
2699,195920.554652807
2700,169903.49334294215
2701,156805.8661781878
2702,126909.82884742
2703,123534.96552849462
2704,172408.1776131287
2705,100138.71721676624
2706,95811.7277580973
2707,132589.0563772279
2708,102730.73713544825
2709,86287.43735567691
2710,114306.19027627945
2711,295124.7066994598
2712,365873.3523154458
2713,184701.9656185893
2714,151644.65700912802
2715,191289.86968545534
2716,142804.37350308814
2717,179580.31331598584
2718,209188.2475890051
2719,182207.81134871056
2720,198967.46791976798
2721,139200.0038036119
2722,191009.9788008625
2723,164387.68976789794
2724,113514.94777508773
2725,127905.60234636231
2726,133382.64228069055
2727,205676.69626070946
2728,171038.27505918176
2729,145104.46813225455
2730,135635.46425680054
2731,94860.34740160311
2732,107260.51615020171
2733,196851.42640197033
2734,180204.64334569327
2735,133241.1266964553
2736,153294.03547748234
2737,111976.74482595688
2738,134395.381680387
2739,168737.1264243123
2740,135530.61591718945
2741,131573.90020274644
2742,173972.48898258954
2743,159910.927884203
2744,161468.3825144438
2745,139506.25833389198
2746,129380.8791843253
2747,150123.41744335924
2748,108178.15078280911
2749,139475.82161504647
2750,101617.87564956845
2751,126606.12451300956
2752,221056.80168761718
2753,193201.59674020548
2754,307175.9663355461
2755,115570.6117688088
2756,94764.65096305149
2757,86569.97585142554
2758,82906.18528853527
2759,150396.21628573132
2760,143213.26652691618
2761,149264.2550374177
2762,137248.13226203085
2763,237683.95454868156
2764,152496.64989481645
2765,298497.5269180463
2766,130140.53867199298
2767,61405.0688500758
2768,96617.86529998062
2769,128563.52324803096
2770,133435.55080474616
2771,87846.375349439
2772,106137.6154423895
2773,162789.37218363356
2774,155899.40716615733
2775,150999.28066104924
2776,144543.05619851532
2777,131418.6459459451
2778,91163.30650019915
2779,119433.33776651666
2780,96520.23790498494
2781,78097.06113858795
2782,86642.11794336633
2783,126065.46768652901
2784,113050.18058761746
2785,120155.6857174026
2786,54153.744422405434
2787,87066.91816256465
2788,73900.03519161933
2789,189347.97699717316
2790,70195.1429218266
2791,107037.25025299197
2792,75350.41638117205
2793,189198.04691550852
2794,95458.66193912401
2795,118292.85276579043
2796,72709.50552415423
2797,224222.2374825317
2798,142131.62445542854
2799,119159.79281605702
2800,46338.1619974311
2801,88868.58846004274
2802,138204.51536879127
2803,161137.5265073089
2804,143074.63030014906
2805,86319.30030180271
2806,72454.40824683636
2807,153631.03929787644
2808,160948.02272753738
2809,102269.21253100822
2810,123571.07686223442
2811,189246.49678687705
2812,174652.33574058962
2813,168586.46072302863
2814,170473.57791237862
2815,91706.16925508143
2816,236229.76337177592
2817,158036.45336503352
2818,123787.43432487058
2819,185138.85766678397
2820,145498.65119709185
2821,114067.28437732792
2822,199669.30067250697
2823,322281.5401990557
2824,198710.33977333934
2825,187857.1704513948
2826,127957.83657989692
2827,112179.51419311784
2828,268489.4938547631
2829,213793.1530368004
2830,234960.8084731901
2831,192061.23254301405
2832,260676.33466193202
2833,257845.7149120493
2834,218139.11503214212
2835,229863.53679787292
2836,206929.16427006738
2837,180015.4558295214
2838,144571.8592284099
2839,190901.19489061553
2840,193428.85741585027
2841,202673.70198757577
2842,228464.3759549134
2843,141619.44285302504
2844,184297.62882777507
2845,95212.48531527694
2846,210293.6053623169
2847,225097.94231659835
2848,217033.8783363425
2849,202883.70234936106
2850,285825.0980671359
2851,231630.64573969203
2852,258616.5705647913
2853,231934.81933856633
2854,169548.23297156233
2855,209537.0602504181
2856,201003.38312411186
2857,187455.2819885126
2858,203334.095511067
2859,148022.417580085
2860,138531.6544968609
2861,150559.60922221845
2862,221920.4093193402
2863,122391.74569291832
2864,262106.76651815197
2865,164811.0707816249
2866,202328.9911611778
2867,70462.08035977781
2868,128679.65444613146
2869,128803.20360590797
2870,165869.04207491776
2871,97522.07884978992
2872,47559.87976615003
2873,100791.7789800438
2874,138306.38940672195
2875,116083.701074007
2876,160692.3360421726
2877,107370.83591594994
2878,115795.96785843148
2879,138390.96396425396
2880,89880.51605246453
2881,133991.81078284612
2882,161938.10097067506
2883,159564.45681391578
2884,193867.05425366177
2885,161169.3290725415
2886,253645.9025669713
2887,104247.659461464
2888,120643.65916733046
2889,38571.22289571594
2890,56830.76730300345
2891,137650.98140986636
2892,44082.49963482944
2893,59589.025883307215
2894,56505.4459630012
2895,283751.07783389697
2896,258719.65312334232
2897,208310.6633658781
2898,164365.11729574308
2899,204384.8278921312
2900,169228.84201969815
2901,227673.36860787426
2902,205872.796311239
2903,304011.1202087893
2904,307688.27354571223
2905,110165.1262734909
2906,225290.01512274327
2907,112670.3938730833
2908,117249.20667537917
2909,160256.6369192705
2910,75221.53598578871
2911,93610.63256676449
2912,175178.4113246939
2913,93203.96833743302
2914,75531.86906056268
2915,75376.91385186194
2916,99462.93063378808
2917,184146.96071637535
2918,113128.93363399258
2919,258696.69304167927
