Id,SalePrice
1461,126507.57622209868
1462,153232.85687427787
1463,200062.68513993768
1464,204718.89191517213
1465,179237.75684179328
1466,186462.16599231912
1467,182574.05265953642
1468,175030.2149203672
1469,187081.72248140827
1470,123775.37296544913
1471,209323.86933185335
1472,120028.57216409265
1473,123020.30051985351
1474,158293.07913072134
1475,93287.54014077237
1476,308009.0241384566
1477,240449.57416106906
1478,272192.6196125807
1479,269444.71960108
1480,440220.67100386985
1481,292479.9279291495
1482,212707.48908674583
1483,182011.54477191248
1484,175721.55567078895
1485,170991.41857053773
1486,200622.77084610338
1487,291311.52408642345
1488,252412.7974228877
1489,179297.9387584424
1490,245116.35933459818
1491,205184.95107300946
1492,87976.5798330654
1493,215514.96256039623
1494,283453.31752958323
1495,264609.7170666943
1496,234093.59617638064
1497,174802.31750599
1498,153223.66083609505
1499,151294.19048856932
1500,163624.89892171754
1501,228540.1290329281
1502,136773.6587611544
1503,271521.97733739164
1504,224960.5280047431
1505,220901.6146682657
1506,212034.34195395926
1507,279027.5618872293
1508,227928.00749476018
1509,141197.46873334303
1510,154521.8512543732
1511,153895.12321888172
1512,203210.49137987872
1513,162527.91933051433
1514,160057.1276433309
1515,255256.39765338073
1516,162818.55546287404
1517,175142.5085044513
1518,132622.3283356122
1519,251522.9747172567
1520,131981.34270594394
1521,135535.22403727984
1522,197221.71180354652
1523,102728.46933367723
1524,97588.06312512016
1525,100334.24841061243
1526,112264.39806210043
1527,103315.03990169418
1528,129156.7352604835
1529,129490.01954991621
1530,225502.2334301744
1531,183763.1128736359
1532,85789.64968678594
1533,144469.414486826
1534,116236.13206174331
1535,182451.20996448622
1536,110868.15974900163
1537,104050.15266290057
1538,147035.57683230998
1539,177838.56685385364
1540,129182.78170400175
1541,150821.04480106963
1542,164119.44618471403
1543,197367.96294958517
1544,61742.37718334989
1545,96492.29949459557
1546,115999.4815357357
1547,150347.21420054793
1548,113779.7971015947
1549,118277.97519171209
1550,134912.86920174572
1551,117482.92320692136
1552,168444.5471308542
1553,136478.54545243364
1554,106215.75925176003
1555,202133.04910814224
1556,81825.5009953075
1557,115170.82716079091
1558,67010.27457036455
1559,102391.63599029327
1560,125552.79299266162
1561,150022.91277519864
1562,116339.07741715925
1563,107335.59941472684
1564,185986.87077929688
1565,147789.23016295367
1566,231852.324208134
1567,66837.89610531201
1568,241525.35745031218
1569,168969.22842659306
1570,120292.18686192097
1571,141517.69744057523
1572,143868.25310466794
1573,257622.89517377218
1574,137135.49100865086
1575,237458.81703893482
1576,258657.4003068583
1577,194948.34821358536
1578,126692.58658701615
1579,150889.0996792659
1580,206998.8879272048
1581,129747.35275807971
1582,110709.80470104903
1583,313324.59445177054
1584,234130.02277237253
1585,158959.01941173672
1586,64766.67646996354
1587,76301.22747185707
1588,149604.68518602313
1589,114088.52818779406
1590,127642.86649008823
1591,72686.43739514942
1592,148649.560838242
1593,99268.11327343264
1594,115962.16881555735
1595,125622.99883164829
1596,227316.36906357983
1597,191828.70916124032
1598,176865.02683432552
1599,168676.6721272682
1600,169131.0423048607
1601,58983.00828727726
1602,118433.6031540994
1603,59580.597129981485
1604,256498.48400585726
1605,244603.86832516635
1606,175344.88280191424
1607,190355.87598046733
1608,209394.78853265423
1609,187344.61473576503
1610,162040.71926186973
1611,169411.2544626714
1612,200948.73930473338
1613,203875.71323417383
1614,138455.8292682484
1615,78740.00562125926
1616,73293.55931072512
1617,94113.94789687933
1618,112826.67099108266
1619,132576.41611399569
1620,212436.35831087557
1621,149147.3411043873
1622,142235.32109385362
1623,247971.9896851888
1624,230618.50070624694
1625,108471.92845112173
1626,203034.30902274288
1627,205905.63631073688
1628,271512.8102526766
1629,174839.38823736185
1630,352333.60225565336
1631,199119.83512828517
1632,228944.0248335906
1633,163028.91005665183
1634,200505.76238543252
1635,184149.24505080486
1636,164258.3083104827
1637,220778.9543584565
1638,209915.77315365468
1639,211435.71457696427
1640,267386.8931331384
1641,212972.3612289536
1642,223858.72516848167
1643,216011.37293120305
1644,215784.89580617181
1645,251149.43962592675
1646,168451.0064532823
1647,153670.9783274953
1648,143293.78310873144
1649,128886.38048236749
1650,118930.32275315619
1651,126518.30468716566
1652,121435.77535418846
1653,115248.13921616548
1654,166846.3236312035
1655,138174.2520979527
1656,156204.1310767838
1657,170596.9706076485
1658,157454.7263719669
1659,114516.12314111301
1660,160745.24992461537
1661,389085.38095783186
1662,318570.9233048845
1663,319708.74415055267
1664,412825.6552997029
1665,268497.0997769671
1666,299602.3482265573
1667,306093.05419184966
1668,292034.37695587915
1669,253809.53375182638
1670,289910.8365791364
1671,285430.49742351106
1672,397888.4429924811
1673,283947.4017305441
1674,250598.18637617375
1675,226071.15982174745
1676,228521.0786853775
1677,229131.3537457011
1678,403925.67845007067
1679,334850.5322074082
1680,286381.0401459572
1681,238788.88165484625
1682,283251.28464802034
1683,211111.37184292928
1684,188027.17319555325
1685,182008.13049834972
1686,179515.83279447656
1687,156057.9542986545
1688,204468.47439438128
1689,195828.55135822887
1690,199577.2433407708
1691,179993.63064116938
1692,237865.63027202722
1693,157716.6515253754
1694,191496.70095091296
1695,160181.3083587746
1696,276024.91793446697
1697,160145.87773951216
1698,333063.11044147355
1699,304732.4598622681
1700,260427.66864525183
1701,274830.72117679607
1702,256913.52665831172
1703,249480.18757087697
1704,277824.8957497267
1705,223375.47430065935
1706,387428.3824496473
1707,198947.20762511675
1708,205196.58839650222
1709,246890.18622857257
1710,227014.1791989036
1711,249632.33746969874
1712,263622.9923967499
1713,269484.2231664385
1714,217406.28514153845
1715,192753.9410891495
1716,170507.40596369788
1717,162938.47545798827
1718,124291.73246264922
1719,208252.91737036017
1720,232902.94463449923
1721,164054.66853034546
1722,130118.64193999482
1723,179182.8404021732
1724,226433.6555417406
1725,235524.83602268298
1726,184263.2390430646
1727,174798.76476326116
1728,168097.0672939903
1729,158157.053042736
1730,131630.42852397182
1731,102176.97506480181
1732,116062.41627725669
1733,113624.45401225844
1734,112570.8093803683
1735,119873.38207988962
1736,97115.7584209408
1737,313001.9387568715
1738,231362.51017853225
1739,315021.3807709571
1740,248062.2419682205
1741,221236.17457427597
1742,193029.19441351914
1743,179584.12994596487
1744,278837.50992761104
1745,222752.99314877356
1746,187219.11969230016
1747,221214.96914417736
1748,241561.77586179125
1749,177040.65558963394
1750,144878.4460324071
1751,246546.22796399004
1752,109609.53506384371
1753,171445.17225355894
1754,232233.7746033722
1755,189680.04579018042
1756,137074.0355899614
1757,86083.45662064024
1758,172481.40694200294
1759,184826.47675254173
1760,185814.03403735757
1761,179187.68824025607
1762,189978.80269043913
1763,163365.91727966693
1764,102492.12788556781
1765,207483.80353272418
1766,197587.23277778883
1767,257063.9681181977
1768,135084.8804837731
1769,160090.1409557409
1770,133951.291143258
1771,124790.53509689734
1772,138345.87013862393
1773,135691.03897785716
1774,182015.10107451153
1775,112968.5313780718
1776,118536.75122611909
1777,79198.43297759187
1778,136682.41216013575
1779,111050.65962173442
1780,162080.46733692096
1781,115070.64358266805
1782,79774.81299205251
1783,150332.78456996242
1784,101121.10681031222
1785,95057.08649075839
1786,201509.15600811903
1787,133093.53264923484
1788,32866.9015884299
1789,77113.92014317666
1790,74329.16660760037
1791,223490.64104011506
1792,163870.88285171805
1793,145184.50105638662
1794,152533.88116560705
1795,114605.4558015258
1796,97366.87987207982
1797,132431.47079789746
1798,101445.17802667954
1799,76288.42243259151
1800,100166.15235174885
1801,131610.72182466832
1802,148548.69537250188
1803,172010.97557932016
1804,141691.70878329236
1805,125659.24972812357
1806,121269.68064716629
1807,148539.45007583438
1808,105148.15995131205
1809,114340.65762585026
1810,142599.42793212715
1811,65051.269481546435
1812,91743.22879158225
1813,115163.83509343959
1814,78622.31158435647
1815,43635.13090870663
1816,65268.39697474489
1817,132421.7862504954
1818,151725.80914565048
1819,110598.77555709277
1820,51854.90552966492
1821,100308.6250552612
1822,151887.13746467163
1823,31996.02016770834
1824,112683.21213241672
1825,135511.77411756708
1826,97954.99989553202
1827,106197.94757780094
1828,140796.71210346807
1829,148491.17624497204
1830,160278.57932807735
1831,157031.98014422428
1832,123289.52985830026
1833,146962.3203783402
1834,122110.22221867033
1835,135376.29074900426
1836,117670.37906806475
1837,95458.34371121578
1838,116657.85916051097
1839,77619.49229039245
1840,151233.47439191825
1841,124140.68452653193
1842,71916.33071182521
1843,146713.0395425018
1844,118013.12495118598
1845,151870.30681025377
1846,150975.89869088415
1847,185853.87411250593
1848,32279.367395341396
1849,114641.96048798188
1850,115523.98344901841
1851,127017.9770108297
1852,109853.36984673279
1853,145981.50856056396
1854,157125.8617823197
1855,151900.3262006275
1856,232876.30361134134
1857,138414.5112960163
1858,115817.58925872971
1859,84263.19330412945
1860,156492.9240609897
1861,83106.48307008599
1862,254011.7721424159
1863,252359.7721424159
1864,252375.7721424159
1865,306803.7207402537
1866,293339.86842427065
1867,224513.88316788705
1868,290777.32086490426
1869,219651.84669133808
1870,220528.17067899095
1871,233965.16918208933
1872,179867.41624247257
1873,234357.4068995181
1874,143403.76376149594
1875,198891.97666554738
1876,219228.6885375152
1877,215838.85387886874
1878,220049.94122057932
1879,117670.48753138354
1880,134985.3460072093
1881,256418.44898778707
1882,244832.93512605416
1883,191080.42995861883
1884,203957.2646257433
1885,238844.19522372284
1886,270679.3820458054
1887,229744.4700212243
1888,274654.8064084723
1889,170255.2758269845
1890,140565.20397455242
1891,154038.5335605622
1892,85241.54822953648
1893,133334.81647343756
1894,107057.03100163626
1895,178674.80737663148
1896,119339.6617801316
1897,130539.0855625983
1898,92129.7869096328
1899,126589.42133422031
1900,112449.39469925531
1901,166801.66103998432
1902,154609.072724313
1903,185569.9056990041
1904,130144.60217475047
1905,184582.09929211796
1906,176634.37205970517
1907,214330.08116497064
1908,126965.68039187143
1909,149535.56670619594
1910,135226.45005315827
1911,210469.64008595984
1912,283032.3054943826
1913,191717.160538038
1914,41900.240407741745
1915,258458.09402381163
1916,51152.48831157292
1917,243229.59424997278
1918,138539.83673884356
1919,179940.1213404892
1920,206264.94809287216
1921,334391.33975974127
1922,274021.14351504354
1923,224231.7738419213
1924,236486.46667936334
1925,227502.63119473925
1926,328014.0442132794
1927,129978.91484289896
1928,196435.4147459361
1929,105367.96027946501
1930,128557.32551457506
1931,158286.07140611968
1932,146415.4701930836
1933,187018.13399161238
1934,199613.74982722435
1935,186290.6138533684
1936,197327.95689973334
1937,194552.09560967807
1938,192203.58030282642
1939,239574.21544853563
1940,176229.36832394835
1941,192759.27053447487
1942,199155.42598040658
1943,187589.44836050994
1944,271697.10593405913
1945,304685.05448392837
1946,185012.57823803375
1947,263295.7559542081
1948,183838.38157427663
1949,246050.50753359034
1950,183768.00796628054
1951,287373.8826762106
1952,238186.89379491835
1953,203337.98240239188
1954,210729.6632796461
1955,137181.64116494585
1956,333865.4865482359
1957,183722.85606219695
1958,303263.12295491825
1959,128332.05151018678
1960,106973.49936337379
1961,106442.24348218521
1962,118532.42602607304
1963,127737.7062619387
1964,134974.2869935633
1965,141646.2610982505
1966,132068.27275447917
1967,265412.89579540776
1968,360078.61161571863
1969,322778.1913680045
1970,349985.44911479467
1971,377319.8814473001
1972,330375.99287246686
1973,253781.59061934473
1974,285139.0489597188
1975,417872.1170804155
1976,285275.4542587145
1977,363708.86712970765
1978,316512.98091582797
1979,303211.0330615635
1980,210923.06688740972
1981,316207.88881348236
1982,225001.97432674147
1983,212323.4446742672
1984,191286.36891763657
1985,246869.5373755946
1986,249707.39292050555
1987,181680.9301916911
1988,190964.59355275187
1989,197546.5257236943
1990,226272.28303726646
1991,228165.15948677866
1992,254103.24566226898
1993,172128.48585528988
1994,245008.76588806402
1995,190520.06200580223
1996,306428.63142471213
1997,266095.23647265224
1998,314953.62127499864
1999,275971.5165991089
2000,290962.95800497977
2001,267520.5968480783
2002,251514.9844814108
2003,258265.14603858127
2004,270152.303666145
2005,214125.52884119053
2006,193588.25530696646
2007,251718.14739409374
2008,211386.77009815906
2009,197689.51791844645
2010,205048.76042239417
2011,149209.74234662604
2012,167852.28851689605
2013,177744.66034817483
2014,201165.2163787936
2015,193260.03484638408
2016,201748.45691977307
2017,195219.1071422685
2018,108316.59893849643
2019,128667.25315298745
2020,105138.82485726752
2021,89070.61515929589
2022,207279.7114900025
2023,153172.40523010932
2024,294006.08980123233
2025,337889.51740408666
2026,188114.68424785728
2027,160262.958772664
2028,172476.3339254279
2029,183948.68244209077
2030,244312.51965613378
2031,221252.8497491299
2032,209893.28757921906
2033,237465.19685120194
2034,168049.2421175234
2035,239372.03655736992
2036,215570.72346997514
2037,219610.81749603158
2038,265067.429099576
2039,185283.7674435504
2040,341217.5427371727
2041,228198.12839109314
2042,213127.1837811356
2043,179603.56376940873
2044,203442.87802769232
2045,202133.19528371462
2046,137452.33455052937
2047,139493.27882693312
2048,130364.70552528932
2049,141804.3772818737
2050,155732.0592902697
2051,84049.16265655828
2052,123135.96345713458
2053,142209.74786024215
2054,65150.875597751394
2055,168304.01227546507
2056,137172.4477150417
2057,103900.4406811538
2058,239538.86081711017
2059,149156.48120997232
2060,209124.41509986878
2061,183703.50950166772
2062,116562.45316826299
2063,81169.3951016909
2064,132173.92595988332
2065,114003.7996541215
2066,188597.97123111936
2067,118858.22331639004
2068,144613.13290816903
2069,57731.30084760819
2070,80161.61842157906
2071,85087.09837944926
2072,177014.46976551603
2073,126564.22652913243
2074,182319.69881731807
2075,145874.1361933768
2076,113936.05879761612
2077,128749.78666701989
2078,112634.15490695796
2079,120778.18397373936
2080,90406.31891126929
2081,102276.84976579087
2082,115122.84905885704
2083,139774.58043343664
2084,80920.62013021045
2085,111431.72354240749
2086,132569.70328814568
2087,135184.8816306234
2088,127408.61082692604
2089,54659.313176965414
2090,119016.7792906466
2091,105692.52384376766
2092,177068.8364109763
2093,147441.14676189146
2094,104714.45174812322
2095,139027.04638607224
2096,57046.90867465551
2097,67773.78316875259
2098,151801.9631722431
2099,44497.381688483205
2100,90178.73613627935
2101,125551.43104719248
2102,111873.01997755676
2103,87409.59370080268
2104,158843.9888685468
2105,112708.35555131605
2106,94369.70268057831
2107,214049.78625430577
2108,116098.86679678643
2109,125567.0168077421
2110,128109.46901632444
2111,129612.1845909431
2112,140564.26264101526
2113,120460.11667430733
2114,93637.37027675884
2115,152319.53096961236
2116,119362.46187536523
2117,151182.19937200932
2118,91752.17579091943
2119,79100.94352440268
2120,116569.85995633742
2121,89652.17908420926
2122,106490.76734586954
2123,83957.91809574416
2124,161166.07564891185
2125,154795.50366045587
2126,164705.50277531345
2127,162218.75899173942
2128,111158.99594579858
2129,83487.35445590242
2130,120639.44355753354
2131,173668.08271920803
2132,133366.44470042616
2133,116925.18800804115
2134,108955.98227660866
2135,99477.08384398416
2136,57294.88167755144
2137,115866.11975607503
2138,134227.9606562432
2139,153652.02619280008
2140,138891.4009113397
2141,130636.42365162315
2142,131245.84610227085
2143,148277.29370489594
2144,131723.01990400447
2145,131121.6279116778
2146,160446.41643806396
2147,208886.391513697
2148,142019.41814149232
2149,134348.1554796873
2150,214133.94667949036
2151,94068.07582240192
2152,187502.13139157605
2153,191765.11973780527
2154,98415.42263379147
2155,144711.2711940667
2156,305316.3977019593
2157,247406.556642701
2158,228602.0483605046
2159,212475.63590896057
2160,170116.9643838896
2161,248379.93958966102
2162,390794.7639886931
2163,304525.40864888555
2164,236890.36320730753
2165,187037.18030736138
2166,147604.1635763689
2167,215081.76642625316
2168,207536.75159278768
2169,191605.68970841597
2170,213116.63833826932
2171,155838.10440256426
2172,142522.3285497459
2173,187480.6295210121
2174,256507.63368410242
2175,266480.08359260485
2176,276275.1745082514
2177,250497.69597320014
2178,213296.93489071185
2179,154462.49318519843
2180,248091.92729731716
2181,192162.1307290547
2182,229302.9091333815
2183,189965.2879259504
2184,132169.44052056718
2185,131001.69577325013
2186,161396.80296005524
2187,152917.72304509731
2188,155300.1787209662
2189,296414.54102848464
2190,32498.800019379152
2191,35450.80001937915
2192,75273.76203152734
2193,95125.56552460532
2194,70643.91640846046
2195,111096.32784936478
2196,86414.24518702584
2197,122386.16676928173
2198,150836.4329585635
2199,150530.20493711444
2200,131650.54986123063
2201,124361.37779807104
2202,151114.36434925592
2203,132053.85891170579
2204,172337.00881295837
2205,108965.22191897349
2206,138407.462209841
2207,175950.91499354027
2208,227794.629925553
2209,235089.17086662853
2210,131796.29451199638
2211,105438.99871482968
2212,99915.51617327929
2213,74386.76850068872
2214,150494.94923255403
2215,91003.24080102902
2216,171865.8916510806
2217,56206.82431740471
2218,72740.57751240334
2219,81590.03003669478
2220,52833.34778890859
2221,260875.54810206062
2222,256410.44715084086
2223,305566.8045051382
2224,230422.829861481
2225,103812.9815967195
2226,233741.99450413827
2227,223147.54568733473
2228,257817.87057558884
2229,221385.20575346475
2230,154271.2503012141
2231,196038.4939867751
2232,216445.73268673877
2233,199713.2711317573
2234,231840.29571862324
2235,225132.68774031883
2236,256893.922407966
2237,323023.51049007167
2238,213344.02783846523
2239,137361.8844717759
2240,177640.5821701233
2241,177536.43127627805
2242,136974.62230747612
2243,129933.38361886957
2244,125326.31312441183
2245,122003.74078411754
2246,136160.75959122018
2247,108985.3577537523
2248,112645.93890360587
2249,122226.21763179186
2250,130864.34861634024
2251,129370.07123794363
2252,216995.34064782562
2253,156261.73224343077
2254,180254.52860055811
2255,215409.54806563188
2256,168569.21071290036
2257,216145.45084534603
2258,157849.9734965171
2259,189775.72126501676
2260,164260.71110575384
2261,168423.59939038544
2262,196440.4381148866
2263,309541.39593629644
2264,403242.2717922247
2265,207005.27004864317
2266,249021.12403406738
2267,374326.2497516575
2268,310545.8587947865
2269,162316.5593076342
2270,188923.19302492065
2271,231659.21880692974
2272,232661.34257747573
2273,170108.36736617488
2274,209720.4045792052
2275,215757.83519905928
2276,177622.24978217922
2277,202060.67271402664
2278,173327.90631466862
2279,113651.32287734133
2280,100525.86644822634
2281,191077.8563408458
2282,206899.60024693082
2283,128539.32593524529
2284,115538.71026862139
2285,130282.70372183432
2286,113860.73331360523
2287,289682.188762577
2288,260645.16569597222
2289,322434.45041355153
2290,366252.8191654743
2291,298173.33694066596
2292,343409.24829277827
2293,388521.65515056567
2294,327420.8241183092
2295,396299.97971318394
2296,264266.9983060806
2297,277695.18512324383
2298,278517.033798701
2299,348773.99654535134
2300,302569.63781723205
2301,259204.00935558346
2302,261191.20422203455
2303,240424.22842290005
2304,233447.38990876987
2305,223248.1467978971
2306,225520.1467978971
2307,228136.1849150647
2308,231241.57847175497
2309,258352.72358349775
2310,209719.5948728741
2311,230723.37461361496
2312,199327.0568135173
2313,180530.73047257104
2314,173437.133149518
2315,185846.57295137955
2316,193904.9333330435
2317,195517.69921863303
2318,173994.6283666877
2319,175879.00707533702
2320,174345.84476094373
2321,250903.17446675664
2322,192334.8551562862
2323,172985.85815554045
2324,176477.5761542568
2325,206156.61698603397
2326,169515.18956767474
2327,206916.74744947217
2328,220524.68606938585
2329,205501.62776453365
2330,201313.0723972704
2331,336401.03453593294
2332,340142.5925051224
2333,299765.4566492956
2334,258424.57213294163
2335,258950.19856640292
2336,314895.26394117216
2337,184825.762564068
2338,255759.61011636193
2339,228187.27228710774
2340,354798.87976575
2341,211025.47686481007
2342,227927.69578769797
2343,239310.33092355478
2344,224918.5504982125
2345,231786.54729876976
2346,188530.47910450937
2347,187484.30819677145
2348,220806.86920015875
2349,202055.30703101467
2350,262583.6379085346
2351,229614.15090967005
2352,250516.16411807179
2353,287449.61998289067
2354,129997.63132478014
2355,125225.73728692834
2356,178183.1199832504
2357,211713.85200714908
2358,202902.04084697025
2359,142174.9787053842
2360,115840.7094175869
2361,134961.52865135652
2362,285391.06408212264
2363,147065.33528270898
2364,178814.21222421684
2365,219851.109900432
2366,173299.7822714823
2367,208131.44932407988
2368,209676.89981223317
2369,208171.26621900237
2370,194036.19005892304
2371,167998.58195926392
2372,179091.961097218
2373,265082.79085117136
2374,303908.07341901324
2375,219159.4939820309
2376,315192.3097549267
2377,331271.24114541104
2378,130996.75004716028
2379,252838.50782701897
2380,140005.2988073814
2381,177503.73973585165
2382,210828.42037273
2383,220854.648265255
2384,254767.37624305033
2385,152413.87014504243
2386,129540.13918871581
2387,125260.2163705529
2388,90299.405277125
2389,130028.42163326588
2390,144989.14064489218
2391,134975.0831403662
2392,85036.76611370771
2393,161800.29317818108
2394,128133.69073087562
2395,219230.9237029707
2396,155944.9130175097
2397,226093.94149905245
2398,124025.20455750736
2399,51024.640577492406
2400,39813.53313198913
2401,108228.41869253821
2402,142248.22081775847
2403,149064.59952099438
2404,149719.6081444128
2405,172780.8513479297
2406,132455.48554153455
2407,115342.25770942663
2408,141441.7697517838
2409,124932.6466307558
2410,208427.23512807465
2411,106659.557442698
2412,165942.1423647054
2413,116177.62038945875
2414,128644.63117691026
2415,137370.08909260275
2416,109640.47668112967
2417,98886.29831602727
2418,107283.0240506582
2419,136975.08903755303
2420,114402.60706818014
2421,164353.62638160278
2422,113993.24219439313
2423,129219.89829450232
2424,185610.3041566417
2425,297435.09981727746
2426,185123.78594423982
2427,104351.28117224628
2428,188074.16158957977
2429,90572.12162632262
2430,114668.9258698412
2431,113418.42739368933
2432,132253.8036398851
2433,142358.25529858065
2434,131888.72101005196
2435,166220.4619329088
2436,70350.50212904291
2437,95701.46882124126
2438,118073.09010893115
2439,111613.69586686873
2440,118475.16241751343
2441,96682.05564198218
2442,101691.28500000652
2443,123151.64128514014
2444,140583.45874628323
2445,69403.89490544851
2446,128016.47285255857
2447,169538.93671003048
2448,134002.73181360587
2449,98408.3099528229
2450,152788.09841551408
2451,131982.39991857804
2452,206628.39388385447
2453,67592.12384711289
2454,140845.48883042304
2455,143703.1771506274
2456,130806.7231026237
2457,126064.64188778074
2458,101383.47116461699
2459,82594.35600927495
2460,131973.8777613073
2461,94013.98609673373
2462,135210.40739729896
2463,117058.67753862811
2464,186342.2962013023
2465,123227.37479240945
2466,104119.02054255354
2467,135392.21244163005
2468,80723.60348897941
2469,95583.35558984437
2470,214605.00553933965
2471,203842.76359166877
2472,194768.44414217002
2473,126464.049718575
2474,105961.5653693697
2475,218314.37679402955
2476,111993.98336574575
2477,119236.58493296841
2478,200419.87280387364
2479,117406.19215253937
2480,142243.37299716423
2481,133738.7627199136
2482,144443.0537206239
2483,94882.85853756839
2484,137417.86754955436
2485,105784.00777557255
2486,160515.84695081308
2487,269335.9444234136
2488,146777.21042381495
2489,164565.0756177888
2490,165888.060617825
2491,61890.46224433181
2492,202645.41683206597
2493,147513.69317662006
2494,172228.56040623283
2495,88623.52329100246
2496,246189.5212829681
2497,143299.34713329162
2498,97943.62619726603
2499,73499.56800954777
2500,138664.9281789198
2501,127005.7374826526
2502,162973.12871787127
2503,98706.52056706043
2504,232103.67616123433
2505,219118.74900943262
2506,259227.6678228964
2507,285210.4406263792
2508,259497.52945895272
2509,235276.3054210632
2510,225804.94192218594
2511,189431.16518774244
2512,206763.2260278331
2513,237566.10359217488
2514,216909.08994319424
2515,162667.1605647189
2516,167322.65427183345
2517,135473.56594974894
2518,151557.67468785305
2519,222698.68594303032
2520,225788.637100418
2521,191338.2258764853
2522,231955.50724320358
2523,114212.42503703039
2524,146846.33985362228
2525,152842.0749397064
2526,135712.05766590094
2527,104007.20299797642
2528,108388.748660197
2529,131219.00309086835
2530,120354.73868874554
2531,257548.56008828816
2532,232162.06216342442
2533,210188.9746156192
2534,238997.71433524502
2535,285317.39671189256
2536,252375.05988736264
2537,223694.3479130407
2538,180936.887054277
2539,189646.3751629851
2540,187107.92513616462
2541,186998.27859137775
2542,171145.41607558544
2543,137484.51206703606
2544,121900.47123754145
2545,142924.16080323927
2546,145129.20055410507
2547,152883.98092559353
2548,142788.87572827595
2549,176607.53828986056
2550,769450.1902845283
2551,153047.97493695718
2552,118657.34197125079
2553,38924.605760456674
2554,64227.95964477045
2555,90378.82668109515
2556,94407.2490630203
2557,105461.15985753793
2558,165827.2516099671
2559,124176.57969657681
2560,158062.84751578857
2561,109505.5365973522
2562,109845.59770570941
2563,125682.59738017699
2564,164715.38851011178
2565,119122.76405035402
2566,154959.46507460554
2567,124054.64633675062
2568,224664.2962791629
2569,210465.39126779517
2570,131746.7229148011
2571,209787.12202122653
2572,155830.11016736447
2573,252237.05857958453
2574,244119.91192362597
2575,118456.13267905086
2576,137281.49508534794
2577,177226.14572666955
2578,63359.696565586215
2579,54491.33665669766
2580,118722.5456055447
2581,153366.3847550898
2582,122187.10084065754
2583,271975.5071545783
2584,181161.77322088942
2585,220833.4688224956
2586,228743.3429366318
2587,210963.68666532045
2588,139529.2069689453
2589,154096.66913251582
2590,232838.77048728737
2591,251003.55295862915
2592,220011.9244317069
2593,235506.3275967902
2594,167598.54838095195
2595,188830.702042717
2596,324439.828879219
2597,213571.76722873433
2598,273314.48306495295
2599,286193.14919046516
2600,229920.35162540444
2601,149608.84064504612
2602,91805.29623683053
2603,101170.03433141633
2604,88394.29611091729
2605,100327.5261609233
2606,171532.0291211576
2607,208993.3858655765
2608,230770.28667290192
2609,169378.9290059751
2610,96630.7938395337
2611,183024.77537906758
2612,169160.27077494242
2613,116491.50557922848
2614,114208.90439901238
2615,149024.49672708474
2616,155658.17382519424
2617,234879.79510235402
2618,248903.60228617804
2619,240722.13904596324
2620,190976.73844011722
2621,188662.48863155543
2622,200575.8498295498
2623,229850.7903444392
2624,308628.6571563017
2625,287745.5219333195
2626,184286.5406328364
2627,158751.77155243148
2628,375564.3043308578
2629,370888.91710916464
2630,297504.15337685525
2631,376296.81181693776
2632,336093.37866056693
2633,273089.8557136916
2634,330008.0738637239
2635,170967.43842872762
2636,195762.27122855713
2637,181743.5074430526
2638,264605.9740500145
2639,223790.42583627516
2640,158968.5179060732
2641,107301.1267942555
2642,206667.55862854925
2643,130323.63939372389
2644,158807.47274712997
2645,112489.00248230046
2646,117390.20976571915
2647,129026.26066621982
2648,156408.28956456453
2649,147416.32882302313
2650,121029.49543113704
2651,152534.0844096984
2652,345629.49586488056
2653,255528.5461972037
2654,248176.22569913365
2655,343032.39374900865
2656,286048.9791840461
2657,294787.69934485835
2658,264743.5310167688
2659,271440.21596836485
2660,306590.5864383987
2661,304050.4350566977
2662,318340.957201098
2663,282291.5130072775
2664,245954.77828810643
2665,306158.00570638303
2666,269607.8349692385
2667,187812.8488939485
2668,185486.02321873925
2669,181994.53045751507
2670,270461.06010694
2671,186478.5095849364
2672,205255.8239369819
2673,215693.10369898615
2674,232989.63309586697
2675,175214.44342178784
2676,194072.96907564186
2677,233574.13473339597
2678,250518.04827240302
2679,261855.9045028598
2680,274058.1401456981
2681,362012.2556318251
2682,315635.8206422512
2683,424034.7783017901
2684,302101.862953538
2685,315135.85179137986
2686,254145.19076710488
2687,284104.3058362956
2688,210784.87276138656
2689,186255.49257180907
2690,368954.6599262502
2691,199368.09531653748
2692,125109.63797207695
2693,200894.47756005154
2694,133736.4130003071
2695,210467.30245706066
2696,189130.59686231945
2697,208505.389547927
2698,212459.49600115936
2699,196015.55210031982
2700,167936.62504809594
2701,152534.66764969905
2702,123003.46600576391
2703,112108.11555398008
2704,171173.321479845
2705,104929.88795787541
2706,98322.0605251118
2707,121461.71833267447
2708,109165.94068081223
2709,91463.89772444664
2710,117586.04886403598
2711,358524.27767609956
2712,372849.67790958856
2713,184054.2606063133
2714,146395.0890709812
2715,190263.65419761097
2716,135484.88172546457
2717,179184.7097993198
2718,210023.35859892264
2719,180322.84133573616
2720,191868.38861709178
2721,136421.14106610074
2722,186536.0727056086
2723,160604.08225328987
2724,112242.3721146093
2725,126424.35324586743
2726,145855.85669079985
2727,203381.97854811538
2728,162663.31811026705
2729,142208.29794476263
2730,137936.94467334714
2731,87898.60402389741
2732,105302.62971107996
2733,190760.9929991324
2734,176347.37064085095
2735,136505.90771220654
2736,148381.2740230383
2737,112988.83540010576
2738,136634.22652145816
2739,166005.2572824883
2740,132790.2746699905
2741,138094.90415183292
2742,176005.02875259612
2743,158116.21036089436
2744,161633.6542544392
2745,141828.88178854776
2746,128861.25982950571
2747,137137.94102132952
2748,103946.00721547497
2749,138656.91680417542
2750,103308.30735885748
2751,121778.02922914483
2752,207098.05190211066
2753,202487.7309928705
2754,312752.73816948675
2755,116649.14711966261
2756,95322.99726193093
2757,83284.0812318624
2758,80126.48762720868
2759,145652.2411202223
2760,146059.37769981683
2761,154263.07102099815
2762,143614.40520834623
2763,225436.9992445734
2764,131148.42508387342
2765,288532.5292078119
2766,142742.26618689433
2767,45358.663095952215
2768,103106.73978501627
2769,131945.65624044737
2770,131622.88616721006
2771,92766.31508638297
2772,107768.87307788907
2773,162136.5853069997
2774,155842.2148661768
2775,151981.31838711622
2776,139498.94444187608
2777,120709.93916223735
2778,83076.73913579887
2779,119194.53592397935
2780,95946.75570229528
2781,74233.57763907357
2782,88941.60053318508
2783,119409.10916433422
2784,109814.25830354597
2785,113974.51763465643
2786,45550.20696762815
2787,91769.34812781023
2788,70258.24729389483
2789,186804.2824703086
2790,69780.22581159502
2791,107245.408890641
2792,75167.13715313647
2793,188709.8677460851
2794,91763.09537040058
2795,115077.70701803034
2796,67644.51766659274
2797,231444.47370959114
2798,125961.59009061434
2799,117215.36488581143
2800,43348.21896399453
2801,91776.03331700245
2802,135287.71991516743
2803,168257.303668704
2804,123687.8144012319
2805,74722.02352692418
2806,67920.5525083544
2807,150763.8167212967
2808,164061.25375118165
2809,106823.32223785218
2810,124532.00102630812
2811,187095.20960189623
2812,170503.1945500029
2813,174230.88387486857
2814,181399.38832211145
2815,93499.25230712809
2816,243748.54600861098
2817,151568.3144453289
2818,121434.35646463677
2819,180517.74342029734
2820,143509.29822024592
2821,110054.52140886422
2822,189078.37039466304
2823,333106.6859560349
2824,206238.0329096437
2825,167444.0452812806
2826,131206.20799754295
2827,117998.28366164348
2828,267425.9793750869
2829,198452.19901712515
2830,235097.30172748858
2831,194669.13084484485
2832,266900.5193057501
2833,256798.28528279968
2834,219226.65848341136
2835,232244.8453749181
2836,209244.89345206722
2837,179677.44842608267
2838,140629.17299139834
2839,182038.8958950479
2840,194833.54139077614
2841,201935.30079523264
2842,227432.1536517577
2843,142258.2319627796
2844,176779.31729310757
2845,97512.0926055443
2846,210911.96414029767
2847,221097.8894594349
2848,212657.96255811822
2849,201477.98499401886
2850,279901.6702891182
2851,229366.1185505632
2852,254435.04536345776
2853,229942.51350715387
2854,160806.24237604687
2855,210638.5108011446
2856,200492.6871626799
2857,184359.1363621158
2858,200872.09641287912
2859,138979.25411330868
2860,147354.73138658286
2861,153489.18449455427
2862,221849.4842320775
2863,123041.49808588273
2864,262177.5105099765
2865,155177.78067803473
2866,195420.5685798607
2867,68560.57766857429
2868,123487.99335100353
2869,132568.8122917616
2870,169317.80320365663
2871,107076.10319060207
2872,41856.01977524202
2873,95438.75575970497
2874,139660.0252410664
2875,121599.51393122968
2876,152044.1351477192
2877,107230.34029332847
2878,116653.33853040892
2879,141752.9231819454
2880,91491.91244118623
2881,134500.3610703969
2882,169137.91198583928
2883,159732.47670710203
2884,177739.21895529111
2885,152931.741232325
2886,257964.3426982004
2887,97623.5558142181
2888,119016.88183176497
2889,33696.72485345788
2890,52231.37036134547
2891,144743.77907411923
2892,35994.36635020413
2893,59254.113826191926
2894,51606.56916783533
2895,280252.399105105
2896,260389.7069701674
2897,216456.51165011883
2898,171082.21442281423
2899,201837.08506202095
2900,167339.55021448465
2901,231093.81671355432
2902,205246.09669574493
2903,303236.1849509537
2904,310126.4070881564
2905,99228.52982754075
2906,211523.88050108968
2907,107572.63644614148
2908,114289.09582256663
2909,167329.59840137727
2910,71419.1452452222
2911,92103.10197790807
2912,174529.7430221517
2913,93844.97563075575
2914,74645.17080029505
2915,74532.78227503528
2916,99394.46083260204
2917,183653.12424906195
2918,116812.63355985646
2919,255131.0103522007
